1030
1790
2154
2645
2893
3282
3493
3742
3927
4200
4353
4514
4743
5031
5273
5440
5556
5700
5830
6047
6164
6267
6424
6525
6650
6721
6859
6928
7007
7107
7219
7298
7360
7419
7514
7629
7678
7739
7812
7881
7952
8068
8181
8241
8276
8329
8386
8421
8513
8568
8647
8691
8787
8886
8915
8968
9017
9106
9169
9232
9419
9461
9503
9578
9756
9804
9838
9866
9916
9971
10023
10062
10144
10180
10227
10291
10419
10510
10544
10590
10644
10698
10720
10775
10814
10855
10870
10899
10949
11007
11076
11115
11152
11179
11210
11232
11263
11296
11351
11371
11421
11441
11466
11507
11519
11548
11570
11612
11670
11714
11734
11756
11789
11825
11854
11966
11984
12009
12036
12060
12091
12137
12174
12183
12202
12238
12257
12271
12298
12360
12390
12413
12433
12465
12600
12620
12668
12687
12737
12745
12771
12788
12815
12858
12897
12936
12957
12984
13021
13060
13124
13154
13188
13209
13226
13237
13280
13303
13339
13367
13388
13410
13451
13497
13536
13562
13577
13606
13627
13648
13666
13679
13691
13712
13750
13773
13789
13812
13859
13870
13906
13954
13971
13977
14001
14038
14091
14126
14157
14177
14195
14247
14268
14305
14324
14355
14368
14400
14421
14447
14463
14472
14480
14499
14537
14556
14565
14619
14643
14662
14675
14696
14717
14768
14790
14800
14848
14873
14886
14954
15003
15017
15032
15058
15072
15088
15105
15132
15152
15185
15206
15229
15243
15271
15275
15287
15309
15336
15374
15395
15401
15408
15425
15440
15449
15475
15489
15499
15510
15522
15565
15601
15621
15629
15645
15651
15659
15675
15692
15712
15740
15748
15755
15787
15793
15822
15832
15850
15861
15892
15903
15911
15927
15934
15964
16014
16065
16135
16154
16168
16188
16216
16225
16247
16252
16260
16273
16276
16285
16301
16344
16376
16391
16402
16411
16434
16454
16464
16476
16494
16509
16533
16542
16547
16555
16574
16578
16597
16660
16677
16701
16713
16720
16750
16777
16797
16816
16829
16849
16865
16877
16908
16919
16938
16962
16986
16997
17006
17014
17026
17030
17045
17055
17066
17090
17124
17133
17158
17177
17211
17219
17229
17233
17246
17252
17272
17303
17338
17355
17377
17391
17447
17463
17467
17483
17493
17500
17504
17522
17528
17541
17546
17558
17568
17589
17629
17657
17663
17681
17691
17698
17706
17726
17747
17757
17786
17800
17833
17866
17881
17886
17903
17906
17923
17927
17943
17954
17963
17972
17978
17981
17998
18004
18014
18028
18036
18066
18080
18086
18090
18102
18107
18116
18126
18137
18146
18148
18169
18174
18181
18204
18224
18248
18261
18269
18274
18290
18303
18309
18319
18326
18334
18341
18359
18377
18380
18386
18395
18402
18409
18422
18422
18442
18457
18474
18478
18483
18488
18497
18511
18524
18532
18545
18563
18578
18581
18594
18604
18606
18630
18639
18659
18665
18665
18675
18685
18699
18728
18744
18757
18760
18765
18779
18785
18785
18794
18796
18801
18811
18813
18815
18825
18837
18848
18864
18871
18898
18902
18919
18929
18944
18980
18989
18993
19006
19021
19025
19032
19058
19063
19072
19092
19103
19109
19114
19120
19153
19165
19174
19180
19188
19207
19230
19269
19277
19284
19285
19294
19304
19307
19314
19325
19329
19344
19350
19375
19390
19392
19405
19414
19421
19427
19436
19437
19444
19453
19516
19520
19525
19539
19546
19576
19579
19589
19592
19604
19610
19623
19625
19633
19637
19643
19648
19655
19666
19669
19693
19698
19715
19739
19746
19758
19763
19773
19782
19785
19798
19800
19808
19808
19814
19819
19827
19843
19851
19858
19863
19864
19874
19888
19890
19901
19904
19909
19918
19922
19928
19933
19935
19940
19945
19952
19957
19968
19972
19977
19977
19986
19999
20010
20014
20021
20023
20027
20033
20063
20076
20084
20086
20088
20094
20101
20108
20108
20119
20125
20129
20142
20154
20157
20179
20183
20193
20194
20202
20206
20224
20234
20241
20252
20298
20306
20318
20325
20344
20350
20361
20370
20376
20391
20394
20401
20402
20407
20416
20428
20433
20448
20452
20455
20459
20462
20470
20477
20480
20486
20489
20491
20504
20512
20530
20546
20546
20552
20555
20557
20563
20567
20580
20589
20601
20606
20615
20615
20617
20651
20658
20659
20681
20706
20708
20746
20783
20789
20799
20803
20808
20827
20834
20837
20854
20877
20893
20928
20934
20942
20946
20946
20949
20955
20977
20982
20985
20990
20995
20998
21012
21013
21015
21017
21027
21034
21042
21056
21065
21071
21075
21087
21088
21096
21098
21100
21106
21109
21120
21122
21140
21151
21156
21161
21167
21174
21198
21215
21222
21225
21229
21240
21246
21252
21257
21259
21268
21271
21297
21320
21325
21352
21357
21367
21369
21371
21378
21382
21387
21395
21397
21401
21411
21418
21423
21427
21427
21433
21443
21457
21463
21468
21471
21474
21479
21485
21486
21507
21517
21528
21531
21542
21542
21548
21551
21554
21572
21583
21645
21649
21649
21654
21706
21713
21722
21743
21764
21770
21776
21777
21782
21795
21806
21821
21827
21831
21833
21834
21837
21848
21856
21859
21893
21900
21904
21914
21917
21932
21934
21938
21943
21957
21970
21992
22021
22022
22031
22043
22050
22063
22080
22087
22098
22110
22115
22118
22142
22165
22181
22188
22190
22194
22199
22205
22206
22209
22226
22226
22234
22236
22246
22254
22259
22266
22267
22273
22279
22280
22300
22301
22316
22332
22362
22389
22407
22410
22418
22430
22433
22437
22438
22453
22456
22465
22467
22471
22480
22489
22506
22512
22517
22518
22521
22537
22539
22543
22545
22559
22562
22566
22576
22580
22588
22591
22597
22602
22617
22627
22642
22645
22649
22660
22672
22673
22673
22678
22680
22681
22699
22703
22715
22725
22728
22729
22732
22735
22735
22739
22743
22743
22754
22757
22760
22774
22785
22789
22790
22793
22796
22796
22809
22811
22816
22819
22822
22822
22827
22830
22839
22851
22853
22857
22859
22863
22866
22871
22875
22881
22887
22887
22890
22901
22905
22911
22916
22923
22926
22934
22934
22950
22953
22965
22975
22978
22988
23061
23065
23070
23081
23083
23088
23101
23107
23109
23111
23130
23132
23134
23136
23143
23146
23147
23154
23176
23181
23189
23191
23195
23200
23211
23212
23221
23224
23229
23231
23238
23240
23261
23266
23275
23280
23287
23290
23290
23299
23312
23321
23325
23329
23357
23366
23369
23369
23375
23377
23380
23382
23383
23390
23393
23398
23401
23410
23417
23417
23420
23426
23432
23434
23441
23452
23452
23453
23458
23465
23471
23472
23477
23481
23493
23498
23502
23510
23524
23527
23536
23540
23545
23548
23554
23558
23564
23569
23575
23575
23578
23582
23586
23588
23589
23594
23599
23599
23603
23605
23608
23612
23619
23619
23625
23632
23643
23647
23650
23660
23684
23690
23701
23721
23724
23728
23729
23731
23733
23737
23738
23741
23748
23751
23759
23767
23773
23782
23783
23790
23796
23810
23814
23816
23825
23831
23834
23838
23843
23844
23853
23863
23864
23874
23895
23901
23903
23906
23908
23909
23918
23922
23924
23925
23952
23959
23967
23973
24025
24032
24034
24063
24066
24071
24076
24082
24084
24090
24092
24092
24096
24111
24119
24121
24139
24146
24148
24150
24152
24155
24162
24171
24178
24184
24200
24201
24206
24209
24210
24210
24214
24226
24227
24233
24238
24250
24253
24255
24262
24267
24267
24269
24269
24277
24285
24295
24295
24300
24315
24322
24330
24333
24334
24339
24349
24350
24360
24361
24364
24369
24372
24375
24378
24382
24385
24394
24400
24425
24435
24439
24446
24453
24455
24457
24459
24462
24474
24482
24486
24498
24500
24503
24508
24512
24518
24520
24523
24526
24548
24558
24563
24570
24573
24574
24576
24612
24614
24614
24618
24619
24644
24661
24662
24664
24665
24668
24673
24675
24697
24698
24702
24702
24704
24705
24709
24711
24717
24744
24752
24753
24765
24768
24774
24779
24782
24788
24793
24799
24804
24809
24810
24813
24819
24819
24821
24825
24826
24828
24830
24836
24841
24843
24846
24876
24879
24890
24893
24897
24903
24912
24919
24925
24931
24936
24936
24942
24944
24954
24970
24971
24976
24981
24985
24997
25002
25013
25014
25014
25034
25036
25052
25091
25102
25103
25105
25111
25116
25117
25124
25149
25151
25153
25157